Time 1s 62 08 08 62 00 01 0d 04 00 00 00 00 0F 16 
Time 2s	62 08 08 62 00 01 0d 04 00 00 00 00 10 16
Time 3s 62 08 08 62 00 01 0d 04 00 00 00 00 11 16
Time 4s 62 08 08 62 00 01 0d 04 00 00 00 00 12 16


Finish flag 
0000   69 08 08 69 00 01 06 00 00 00 00 64 6b 16 
Yellow flag
0000   69 08 08 69 00 01 1c 00 00 00 00 00 1d 16
Penatlty board off
0000   69 08 08 69 00 01 00 00 00 00 00 00 01 16


Lap 1   62 08 08 62 00 01 0d 00 00 00 00 00 0e 16
Lap 2 	62 08 08 62 00 01 0d 01 00 00 00 00 0f 16
Lap 3   62 08 08 62 00 01 0d 02 00 00 00 00 10 16



Time 3s 69 08 08 69 00 01 0e 00 00 03 00 00 12 16


Times around 6 min
0000   69 08 08 69 00 01 0e 05 00 3a 00 00 4e 16
0000   69 08 08 69 00 01 0e 05 00 39 00 00 4d 16
0000   69 08 08 69 00 01 0e 05 00 38 00 00 4c 16
0000   69 08 08 69 00 01 0e 05  5min 00 37 sec 00 00 4b unsure 16
0000   69 08 08 69 00 01 0e 05 00 36 00 00 4a unsure  16
0000   69 08 08 69 00 01 0e 05 00 35 00 00 49 unsure 16
0000   69 08 08 69 00 01 0e 09 min 00 15 sec 00 00 2d checksum of numbers after second 69 16












